time,x,y,z,phi,theta,psi,x_velocity,y_velocity,z_velocity,phi_velocity,theta_velocity,psi_velocity,rotor_speed1,rotor_speed2,rotor_speed3,rotor_speed4
0.06,4.996353380979353,3.01936503832537,10.999066510656096,3.9999862318858312,3.0004943592342705,0.0,-0.12150722196916225,0.6454663160351488,-0.031180356134263787,-0.0006924442478601247,0.02103215145389183,0.0,487.37730989179204,488.9463726215866,489.27623789998074,489.22469699848585
0.12000000000000001,4.986046970189928,3.0741981179685838,10.993432547170132,4.000020776505021,3.0018708725304855,0.0,-0.22187459341786453,1.1822545024885058,-0.15680010249446993,0.002998776984282773,0.026510808555302898,0.0,445.91643485879456,446.36373270248856,445.36862802624546,445.6703747759558
0.18,4.970353672916671,3.158001295462797,10.977427946777134,3.9999693046040736,3.0031685944550723,0.0,-0.3010890504916855,1.611213397978394,-0.37691629655802067,-0.00997413406493354,0.00943614018181037,0.0,399.1600601607584,397.59906137950315,399.54524683151,398.3609111993771
0.23999999999999996,4.948719122476359,3.2741373620110563,10.95386066552385,3.9988517882123737,3.003869928686898,0.0,-0.4199099737535195,2.259741365492029,-0.4091037001691134,-0.04793069507114913,0.01585143087344917,0.0,489.7851639469584,490.2618652729323,491.78783927153654,488.9685604289125
0.3,4.920538551717929,3.4261285193863027,10.925686411549242,3.9956659192113726,3.004792438559573,0.0,-0.519272396268775,2.806309748311238,-0.5303599600817406,-0.06621246691810714,0.0144052495385615,0.0,451.48320614298973,451.3664155620184,451.21107294055037,449.73094466082415
0.36000000000000004,4.886128474524365,3.6125090009169862,10.891622828662788,3.991526919949637,3.0065888566613808,0.0,-0.6274613853502538,3.4058560541439866,-0.6055000879314908,-0.07519414440930797,0.05028126963805183,0.0,472.6493571756705,475.4062671706151,472.9350061087137,472.239423543147
0.4200000000000001,4.845197437914319,3.8353170575564066,10.853457715466512,3.9868720591174966,3.009396485149967,0.0,-0.7364318919491122,4.020465474348009,-0.6671855482066927,-0.08283869314041645,0.038704505825043097,0.0,481.736308999615,480.8612752892999,480.3004205661208,479.7159968913247
0.48000000000000015,4.797956061376433,4.094101273784753,10.810793211018021,3.9815822138921533,3.0116176028543418,0.0,-0.8378941678049944,4.605073521130937,-0.7555558257158098,-0.10180306031867188,0.03341450759129855,0.0,470.1789359631286,469.7694786329176,471.7829192364015,470.3102346879136
0.5400000000000001,4.744432883811225,4.389378031186347,10.76408988558074,3.9749709170700562,3.01350510337209,0.0,-0.9458091610981729,5.2366278785797125,-0.8019295957789286,-0.13763795107169444,0.027227804330173157,0.0,491.81487891700493,491.356685350463,491.1279937128055,488.45257019602474
0.6000000000000002,4.685344682817812,4.7175845671253525,10.710110296306668,3.9664889805559724,3.0154101849374726,0.0,-1.0235521467931947,5.703270839311413,-0.9977905048269671,-0.15010671512549498,0.03953472014846076,0.0,423.8219899817346,424.87889268650423,425.4282734259624,424.33947657618285
0.6600000000000003,4.6215516459047015,5.074278869551037,10.644806390340074,3.9575943049697457,3.0181769311450477,0.0,-1.1025465063697182,6.186210567138659,-1.1794568312756657,-0.14476273454265162,0.05678459293360487,0.0,432.9819034853432,434.43206395313484,431.6532860635163,432.08271110762536
0.7200000000000003,4.553230546293764,5.459081987619453,10.567741497125018,3.9486315020697074,3.021372383594027,0.0,-1.1744567275929674,6.640463142407671,-1.3898491640273025,-0.1607245013858009,0.045061109144127746,0.0,421.79158791160773,420.77983652967873,420.60662532263257,419.1991777187246
0.7800000000000004,4.480698885626852,5.870918928680289,10.477757749510435,3.9395458340647966,3.0241478860596995,0.0,-1.242961759785919,7.087454749122832,-1.6100994720606725,-0.13739127451139033,0.04855067199946629,0.0,416.762805546183,417.0691394564037,416.8735366037066,418.8839537155752
0.8400000000000004,4.403192101906278,6.315236591510973,10.379970023171417,3.931935971036266,3.026682947731823,0.0,-1.3400703676325365,7.72241610491109,-1.6506039162160975,-0.11137094844840265,0.025055800394210417,0.0,498.6122177646697,496.89341644336565,497.3881670847937,499.27705764878505
0.9000000000000005,4.3202919528479935,6.7954296097941125,10.277433493248841,3.9258244686628956,3.027836665835215,0.0,-1.4229740343274557,8.283776928726418,-1.7684896853887364,-0.08756790104020966,0.0038157271810040005,0.0,470.09003816065564,468.44107001512066,469.0933081414777,470.92954968492785
0.9600000000000005,4.23218449427892,7.311017664940664,10.169321695849815,3.920654734110741,3.028465604688348,0.0,-1.5136959701003898,8.902088127028504,-1.8368718223705804,-0.08349124083265339,0.021275324119495717,0.0,493.03931873597816,494.32760215145834,493.66450569804357,493.95993988417143
1.0200000000000005,4.139151860198607,7.860783415231169,10.053877583822585,3.9154776511891782,3.029536832812461,0.0,-1.5871492700592704,9.423641592457727,-2.0126593537448447,-0.09255165704778551,0.009940602592336195,0.0,454.6687281541678,453.75951240137726,453.5582519825839,452.8238581374588
1.0800000000000005,4.041532071348935,8.44328271735632,9.929027173167189,3.9100552354382963,3.0299927633159225,0.0,-1.6666287892556222,9.993063477394966,-2.150658226663912,-0.08634177282917901,0.002447251503298525,0.0,474.49012660380777,473.9143149431377,473.16585484961416,473.637444176884
1.1400000000000006,3.9389959764328735,9.061133699139374,9.796760982894913,3.905364727351861,3.029740102502185,0.0,-1.7510496715752566,10.601950889175022,-2.260190693208124,-0.06547785523310234,-0.022869332503986452,0.0,490.1193590805736,488.2339279921614,490.2036481089006,491.74739904797565
1.2000000000000006,3.8321791404328254,9.71087526432643,9.65264249306335,3.901307105339022,3.028751260192763,0.0,-1.8095386714192396,11.05712873323365,-2.5452068359113045,-0.07231228527223309,-0.006059060885144902,0.0,420.4803478943321,421.9344849607525,420.9889105584556,420.39326751866133
1.2600000000000007,3.7211489638747177,10.39241802491305,9.495628960931501,3.8974436197430364,3.02811963029486,0.0,-1.891331910518704,11.661314703581445,-2.690809743547916,-0.051995917158791774,-0.021433012451438357,0.0,485.5551397269561,484.40031645951217,484.4335163955774,485.95625671649094
1.3200000000000007,3.6055335222414495,11.108484828669857,9.327486843405023,3.894294459314139,3.026872147867673,0.0,-1.9624992669728598,12.2084526343712,-2.916066819133294,-0.0534842768380572,-0.019538133066417784,0.0,458.7277517060557,458.8782554710337,459.03878774841775,458.91894409228735
1.3800000000000008,3.485800479839112,11.856692148857405,9.14445096154692,3.8911550902339336,3.0256802440615242,0.0,-2.0285974191330625,12.73302703562327,-3.187211593117698,-0.05009639377866552,-0.02052701767985159,0.0,445.67087720458625,445.5900587894774,445.4003703985877,445.6756537419666
1.4400000000000008,3.3620987523608976,12.63665731545139,8.944736219780387,3.8880337829858256,3.024118481045809,0.0,-2.094804466941856,13.267234318972298,-3.4721650643934936,-0.0561794274594346,-0.04028545106364871,0.0,446.63148223491316,445.01649686560364,446.2029877754468,445.704237934728
1.5000000000000009,3.234202812630316,13.450190838423806,8.728780765059327,3.8849297034373365,3.0215820381115073,0.0,-2.1684844165955672,13.851914894304397,-3.7289351720292596,-0.04407007342770073,-0.04658026660740476,0.0,464.4211945531227,463.92618769482027,463.97438922094494,464.9227082633344
1.560000000000001,3.1024280235899124,14.295965440827231,8.493470155282994,3.8821857343616113,3.020192958880033,0.0,-2.2241056250923723,14.342836744205112,-4.116889486993525,-0.04928371221008183,0.0031179933788973505,0.0,412.30308690572986,416.671478415221,415.56897778031004,415.11019908798227
1.620000000000001,2.9668558898717015,15.174185073598087,8.23719263515113,3.879208516678279,3.020441904179293,0.0,-2.2948155036607365,14.93314841367644,-4.428454905643119,-0.05030186250250794,0.00613551609611179,0.0,454.95973878640604,455.2012591241619,455.12169086423893,455.0386991210393
1.680000000000001,2.8271065353156417,16.088067062731042,7.961452023231097,3.8758615308032933,3.021870092621663,0.0,-2.3632856307922405,15.531918746869437,-4.765757706217038,-0.06996076909024808,0.04593579212914396,0.0,450.6328963316358,453.8396608893184,453.15026733687716,451.5646038662833
1.740000000000001,2.6830693389475764,17.03969896149826,7.666361724811426,3.87207715587604,3.025724258167676,0.0,-2.4374575391012563,16.191564094100446,-5.073767502247075,-0.05199315892375311,0.0868649224952141,0.0,470.7434533316699,473.9032061892066,471.6824272605603,473.0655913668815
1.8000000000000012,2.535315556325955,18.027854714861373,7.3481374740883005,3.868757046204209,3.03091537369507,0.0,-2.48726883716024,16.75051737031717,-5.536396117865883,-0.06303155798902049,0.08581726075084144,0.0,416.5624671208173,416.4775421879957,415.6622184018787,414.69107747792594
1.8600000000000012,2.384413935178369,19.05173953268766,7.003224012317166,3.864906719213703,3.036023664497483,0.0,-2.5422907237144825,17.382607998004488,-5.9638860072897355,-0.06655559866618177,0.08374515800775231,0.0,440.0474624635111,439.88188318803657,439.49577526941255,439.200440526939
1.9200000000000013,2.2298099177044337,20.11746327935059,6.635574261556717,3.860868851126181,3.0409932090108214,0.0,-2.6104768830728253,18.14484709106564,-6.295197998582237,-0.06882434570187067,0.08092167645210575,0.0,487.72759673283934,487.52153399635665,487.95744457173697,487.7850590196978
1.9800000000000013,2.0712658431683244,21.22955154248732,6.247108395723903,3.856893774566835,3.0457780344698904,0.0,-2.673665773773184,18.928593737076536,-6.658026074563534,-0.06154865042900817,0.07728945502232143,0.0,487.03151817909855,486.7641972311404,486.0383250123173,486.58058523870955
2.0400000000000014,1.9094830301446999,22.386576252929604,5.832619926729402,3.8534195282046095,3.0503076570202357,0.0,-2.7186621532585025,19.643915727610892,-7.162344764034061,-0.051465173987043325,0.07163826164531593,0.0,442.15584658391344,441.69439009793484,441.65760618202387,442.4863712481451
2.1000000000000014,1.7448983610151076,23.58892302333438,5.388578380425789,3.850848683602509,3.054183843616764,0.0,-2.7670092741095265,20.43948120645021,-7.6439852467522655,-0.029600185781609195,0.0443238967622996,0.0,464.7607019299703,462.61699305344035,462.2754468384296,463.99463618500977
2.1600000000000015,1.5777528696132006,24.83819739765443,4.912389122917994,3.848835995932612,3.0570642633330234,0.0,-2.804246288002431,21.20912230708051,-8.234095032709625,-0.04290794370405548,0.05450683304314336,0.0,433.7854121550431,434.6414003655797,432.6854733368695,431.5627722904787
2.2200000000000015,1.4085159094873705,26.134273311797592,4.398943632283822,3.8464288819942976,3.060322420603015,0.0,-2.8367308042038664,22.00049324502455,-8.886098502425355,-0.03505510332803525,0.05389120018702362,0.0,421.453027828092,421.4019316949943,421.84203028718946,422.518893005019
2.2800000000000016,1.2376107202826394,27.477481698201224,3.843088352531635,3.8444858957193695,3.0633434189358635,0.0,-2.8599520571471793,22.781352721917486,-9.64799877250315,-0.027514027903553232,0.04211459649496651,0.0,389.552292921143,388.4510543123574,388.9027077067374,389.6081110918184
2.3400000000000016,1.0650281071627403,28.871865006133493,3.2434015501245423,3.8425096700951045,3.0654406451674703,0.0,-2.892567613405217,23.70656407206099,-10.348588683042507,-0.04691818820465125,0.014091926951174281,0.0,435.40056449706213,433.04951454674034,436.18612587572153,434.5615776041707
2.4000000000000017,0.8905245183617383,30.323568333462042,2.6002213598043133,3.8399415613809396,3.066212215735643,0.0,-2.924124313004125,24.693234695944916,-11.098411272274225,-0.035632619149196965,0.010273205472380094,0.0,435.29704564965624,434.97715005314313,434.1453905873139,435.09048829070014
2.4600000000000017,0.7140378920984746,31.837430124140244,1.9115205284998218,3.8374409085446928,3.066781618893078,0.0,-2.958656016332154,25.779470036345735,-11.867204183232612,-0.05789219498101876,0.007875834256872768,0.0,450.550297188786,450.35624562315957,450.40545080463374,448.5999918596928
2.520000000000002,0.5354240181785879,33.41938395014697,1.1756023412677175,3.833998471511169,3.067229335506102,0.0,-2.9950422279388933,26.96454659147163,-12.673261158995812,-0.05635751239649047,0.006621014447840309,0.0,460.6078581214016,460.50846582425294,459.8749258892508,459.9943657216728
2.580000000000002,0.3548160247519689,35.073581573740306,0.3874776398147487,3.831297827788008,3.0678148835896053,0.0,-3.025164229781377,28.189602819394853,-13.608438956662528,-0.02869839886039112,0.015394045960363326,0.0,437.01867490363594,437.74944092133666,434.4077823247514,436.7202559770588
2.640000000000002,0.17222171168483755,36.80596200192031,0.0,3.8299557551314134,3.0686304283853865,0.0,-3.061150142368754,29.57191774447416,-14.555862145032807,-0.012024788533800809,0.009721043970798897,0.0,463.68571884204135,463.2395839183183,463.83355886465495,465.1415066237046
